00000000
00000010
00000100
00000110
00001000
00001010
00001100
00001110
00010000
00010010
00010100
00010110
00011000
00011010
00011100
00011101
00011111
00100001
00100011
00110001
00110011
00110101
00110111
00111001
00010100
00010110
00011000
00011010
00011100
00011101
00011111
00100001
00100101
00100111
00101001
00101011
00101101
00101111
00110001
00110011
00110101
00110111
00111011
00111101
00111111
01000001
01000011
00000110
00001000
00001010
00001100
00001110
00010000
00010010
00010100
00010110
00011000
00011010
00011100
00011101
00011111
00100001
00100101
00100111
00101001
00101011
00101101
00101111
00110001
00110011
00110101
00110111
00111011
00111101
00111111
01000001
01000101
00000001
00000011
00000101
00000111
00001001
00001011
00001101
00001111
00010001
00010011
00010101
00010111
00011001
00011011
00011101
00011110
00100000
00100010
00100100
00110010
00110100
00110110
00111000
00111010
00010101
00010111
00011001
00011011
00011101
00011110
00100000
00100010
00100110
00101000
00101010
00101100
00101110
00110000
00110010
00110100
00110110
00111000
00111100
00111110
01000000
01000010
01000100
00000111
00001001
00001011
00001101
00001111
00010001
00010011
00010101
00010111
00011001
00011011
00011101
00011110
00100000
00100010
00100110
00101000
00101010
00101100
00101110
00110000
00110010
00110100
00110110
00111000
00111100
00111110
01000000
01000010
01000110
10010101
10010000
10010000
10010011
10010011
10010000
10010001
10010001
10010100
10010100
10010011
10010001
10010001
10010001
10010100
10010100
10010011
10010011
10010010
10010100
10010011
10010010
10010100
10010001
10010001
10010000
10010000
10010000
10010011
10010011
10010000
10010001
10010001
10010100
10010100
10010011
10010011
10010010
10010100
10010011
10010010
10010100
10010001
10010001
10010000
10010000
10011000
10010111
10011000
10010110
10011000
10011000
10010110
10011000
10010110
10010111
10010110
10010111
10010111
10010110
10010111
10010110